0.001816 -0.000925747
0.003632 -0.00184407
0.005448 -0.00274757
0.007264 -0.00362901
0.00908 -0.00448132
0.010896 -0.00529767
0.012712 -0.00607154
0.014528 -0.00679677
0.016344 -0.00746758
0.01816 -0.00807865
0.019976 -0.00862517
0.021792 -0.00910283
0.023608 -0.00950791
0.025424 -0.00983726
0.02724 -0.0100884
0.029056 -0.0102593
0.030872 -0.0103488
0.032688 -0.0103563
0.034504 -0.0102818
0.03632 -0.0101261
0.038136 -0.00989034
0.039952 -0.00957661
0.041768 -0.00918742
0.043584 -0.00872593
0.0454 -0.00819583
0.047216 -0.00760135
0.049032 -0.0069472
0.050848 -0.00623856
0.052664 -0.005481
0.05448 -0.00468049
0.056296 -0.0038433
0.058112 -0.00297599
0.059928 -0.00208535
0.061744 -0.00117833
0.06356 -0.000262016
0.065376 0.000656426
0.067192 0.00156982
0.069008 0.00247103
0.070824 0.00335299
0.07264 0.0042088
0.074456 0.00503172
0.076272 0.00581527
0.078088 0.00655327
0.079904 0.00723987
0.08172 0.0078696
0.083536 0.00843743
0.085352 0.00893879
0.087168 0.00936962
0.088984 0.00972641
0.0908 0.0100062
0.092616 0.0102066
0.094432 0.010326
0.096248 0.0103632
0.098064 0.0103178
0.09988 0.0101899
0.101696 0.00998054
0.103512 0.00969115
0.105328 0.00932392
0.107144 0.00888168
0.10896 0.00836785
0.110776 0.00778646
0.112592 0.00714208
0.114408 0.00643984
0.116224 0.00568532
0.11804 0.00488458
0.119856 0.00404404
0.121672 0.00317048
0.123488 0.00227098
0.125304 0.00135281
0.12712 0.000423432
0.128936 -0.00050959
0.130752 -0.00143866
0.132568 -0.00235621
0.134384 -0.00325475
0.1362 -0.00412696
0.138016 -0.00496572
0.139832 -0.00576419
0.141648 -0.00651588
0.143464 -0.00721465
0.14528 -0.00785484
0.147096 -0.00843124
0.148912 -0.0089392
0.150728 -0.0093746
0.152544 -0.00973395
0.15436 -0.0100144
0.156176 -0.0102136
0.157992 -0.0103301
0.159808 -0.0103629
0.161624 -0.0103119
0.16344 -0.0101775
0.165256 -0.0099607
0.167072 -0.00966344
0.168888 -0.00928808
0.170704 -0.00883769
0.17252 -0.00831589
0.174336 -0.0077269
0.176152 -0.00707547
0.177968 -0.00636682
0.179784 -0.00560665
0.1816 -0.00480106
0.183416 -0.00395651
0.185232 -0.00307977
0.187048 -0.00217787
0.188864 -0.00125806
0.19068 -0.000327722
0.192496 0.000605653
0.194312 0.00153454
0.196128 0.00245142
0.197944 0.00334887
0.19976 0.00421958
0.201576 0.00505645
0.203392 0.00585262
0.205208 0.00660151
0.207024 0.00729691
0.20884 0.00793302
0.210656 0.00850448
0.212472 0.00900643
0.214288 0.00943455
0.216104 0.00978511
0.21792 0.010055
0.219736 0.0102417
0.221552 0.0103434
0.223368 0.0103591
0.225184 0.0102882
0.227 0.0101312
0.228816 0.00988898
0.230632 0.00956339
0.232448 0.00915689
0.234264 0.00867263
0.23608 0.00811446
0.237896 0.0074869
0.239712 0.00679505
0.241528 0.00604462
0.243344 0.00524185
0.24516 0.00439346
0.246976 0.0035066
0.248792 0.0025888
0.250608 0.00164788
0.252424 0.000691923
0.25424 -0.000270846
0.256056 -0.00123209
0.257872 -0.00218346
0.259688 -0.00311666
0.261504 -0.0040235
0.26332 -0.00489603
0.265136 -0.00572653
0.266952 -0.00650767
0.268768 -0.00723249
0.270584 -0.00789453
0.2724 -0.00848784
0.274216 -0.00900709
0.276032 -0.00944754
0.277848 -0.00980517
0.279664 -0.0100766
0.28148 -0.0102594
0.283296 -0.0103516
0.285112 -0.0103523
0.286928 -0.0102612
0.288744 -0.0100789
0.29056 -0.00980684
0.292376 -0.00944711
0.294192 -0.00900268
0.296008 -0.00847726
0.297824 -0.00787525
0.29964 -0.00720178
0.301456 -0.0064626
0.303272 -0.0056641
0.305088 -0.00481318
0.306904 -0.0039173
0.30872 -0.00298433
0.310536 -0.00202254
0.312352 -0.00104051
0.314168 -4.70873e-05
0.315984 0.000948708
0.3178 0.00193775
0.319616 0.00291087
0.321432 0.00385894
0.323248 0.00477298
0.325064 0.00564419
0.32688 0.00646404
0.328696 0.00722438
0.330512 0.00791749
0.332328 0.00853614
0.334144 0.00907373
0.33596 0.00952428
0.337776 0.00988256
0.339592 0.0101441
0.341408 0.0103054
0.343224 0.0103638
0.34504 0.0103174
0.346856 0.0101657
0.348672 0.00990888
0.350488 0.00954841
0.352304 0.00908673
0.35412 0.00852741
0.355936 0.00787509
0.357752 0.00713549
0.359568 0.00631537
0.361384 0.00542251
0.3632 0.00446564
0.365016 0.0034544
0.366832 0.00239927
0.368648 0.00131146
0.370464 0.000202849
0.37228 -0.000914157
0.374096 -0.00202671
0.375912 -0.00312164
0.377728 -0.00418564
0.379544 -0.00520534
0.38136 -0.00616749
0.383176 -0.0070591
0.384992 -0.00786759
0.386808 -0.00858099
0.388624 -0.00918801
0.39044 -0.0096783
0.392256 -0.0100425
0.394072 -0.0102725
0.395888 -0.0103616
0.397704 -0.0103045
0.39952 -0.0100976
0.401336 -0.00973903
0.403152 -0.00922903
0.404968 -0.00856979
0.406784 -0.00776574
0.4086 -0.00682367
0.410416 -0.00575284
0.412232 -0.00456516
0.414048 -0.00327525
0.415864 -0.00190069
0.41768 -0.000462065
0.419496 0.0010168
0.421312 0.00250869
0.423128 0.00398282
0.424944 0.00540463
0.42676 0.00673552
0.428576 0.00793264
0.430392 0.00894854
0.432208 0.00973091
0.434024 0.0102222
0.43584 0.010359
0.437656 0.010072
0.439472 0.00928491
0.441288 0.00791434
0.443104 0.00586874
0.44492 0.00304775
0.446736 -0.000658674
0.448552 -0.00537133
0.449968 -0.0112229
