0 0 0 .987672 0 -.00538726 .3 -.3
.1 .0998334 .05 .986199 .05 -.00603544 .323 -.323
.2 .198669 .1 .984554 .1 -.00676046 .346 -.346
.3 .29552 .15 .982718 .15 -.00757109 .369 -.369
.4 .389418 .2 .98067 .2 -.00847711 .392 -.392
.5 .479426 .25 .978387 .25 -.00948933 .415 -.415
.6 .564642 .3 .975845 .3 -.0106192 .438 -.438
.7 .644218 .35 .973016 .35 -.01188 .461 -.461
.8 .717356 .4 .969871 .4 -.013286 .484 -.484
.9 .783327 .45 .966378 .45 -.014853 .507 -.507
1 .841471 .5 .962503 .5 -.0165979 .53 -.53
1.1 .891207 .55 .958211 .55 -.0185388 .553 -.553
1.2 .932039 .6 .953463 .6 -.0206962 .576 -.576
1.3 .963558 .65 .948218 .65 -.0230918 .599 -.599
1.4 .98545 .7 .942435 .7 -.0257486 .622 -.622
1.5 .997495 .75 .936071 .75 -.0286912 .645 -.645
1.6 .999574 .8 .929082 .8 -.031946 .668 -.668
1.7 .991665 .85 .921423 .85 -.0355409 .691 -.691
1.8 .973848 .9 .913051 .9 -.039505 .714 -.714
1.9 .9463 .95 .903924 .95 -.0438681 .737 -.737
2 .909297 1 .894002 1 -.0486615 .76 -.76
2.1 .863209 1.05 .883249 1.05 -.0539168 .783 -.783
2.2 .808496 1.1 .871635 1.1 -.0596653 .806 -.806
2.3 .745705 1.15 .859133 1.15 -.0659396 .829 -.829
2.4 .675463 1.2 .845726 1.2 -.0727703 .852 -.852
2.5 .598472 1.25 .831406 1.25 -.0801868 .875 -.875
2.6 .515501 1.3 .816174 1.3 -.0882172 .898 -.898
2.7 .42738 1.35 .800041 1.35 -.0968878 .921 -.921
2.8 .334988 1.4 .783031 1.4 -.106221 .944 -.944
2.9 .239249 1.45 .765179 1.45 -.116237 .967 -.967
3 .14112 1.5 .746533 1.5 -.126951 .99 -.99
3.1 .0415807 1.55 .727152 1.55 -.138375 1.013 -1.013
3.2 -.0583741 1.6 .707107 1.6 -.150515 1.036 -1.036
3.3 -.157746 1.65 .686476 1.65 -.163375 1.059 -1.059
3.4 -.255541 1.7 .665348 1.7 -.176951 1.082 -1.082
3.5 -.350783 1.75 .643818 1.75 -.191237 1.105 -1.105
3.6 -.44252 1.8 .621983 1.8 -.206221 1.128 -1.128
3.7 -.529836 1.85 .599946 1.85 -.221888 1.151 -1.151
3.8 -.611858 1.9 .577807 1.9 -.238217 1.174 -1.174
3.9 -.687766 1.95 .555665 1.95 -.255187 1.197 -1.197
4 -.756802 2 .533617 2 -.27277 1.22 -1.22
4.1 -.818277 2.05 .511753 2.05 -.29094 1.243 -1.243
4.2 -.871576 2.1 .490156 2.1 -.309666 1.266 -1.266
4.3 -.916166 2.15 .468903 2.15 -.328917 1.289 -1.289
4.4 -.951602 2.2 .448063 2.2 -.348661 1.312 -1.312
4.5 -.97753 2.25 .427693 2.25 -.368868 1.335 -1.335
4.6 -.993691 2.3 .407845 2.3 -.389505 1.358 -1.358
4.7 -.999923 2.35 .388561 2.35 -.410541 1.381 -1.381
4.8 -.996165 2.4 .369874 2.4 -.431946 1.404 -1.404
4.9 -.982453 2.45 .351811 2.45 -.453691 1.427 -1.427
5 -.958924 2.5 .334389 2.5 -.475748 1.45 -1.45
5.1 -.925815 2.55 .31762 2.55 -.498092 1.473 -1.473
5.2 -.883455 2.6 .301511 2.6 -.520697 1.496 -1.496
5.3 -.832267 2.65 .286063 2.65 -.543538 1.519 -1.519
5.4 -.772764 2.7 .27127 2.7 -.566598 1.542 -1.542
5.5 -.70554 2.75 .257127 2.75 -.589852 1.565 -1.565
5.6 -.631267 2.8 .24362 2.8 -.613287 1.588 -1.588
5.7 -.550686 2.85 .230738 2.85 -.636881 1.611 -1.611
5.8 -.464602 2.9 .218464 2.9 -.66062 1.634 -1.634
5.9 -.373877 2.95 .206781 2.95 -.684489 1.657 -1.657
6 -.279415 3 .195669 3 -.708478 1.68 -1.68
6.1 -.182163 3.05 .18511 3.05 -.73257 1.703 -1.703
6.2 -.0830894 3.1 .175081 3.1 -.756761 1.726 -1.726
6.3 .0168139 3.15 .165564 3.15 -.781034 1.749 -1.749
6.4 .116549 3.2 .156536 3.2 -.805386 1.772 -1.772
6.5 .21512 3.25 .147976 3.25 -.829809 1.795 -1.795
6.6 .311541 3.3 .139865 3.3 -.854291 1.818 -1.818
6.7 .40485 3.35 .132182 3.35 -.878828 1.841 -1.841
6.8 .494113 3.4 .124907 3.4 -.903413 1.864 -1.864
6.9 .57844 3.45 .11802 3.45 -.928044 1.887 -1.887
7 .656987 3.5 .111502 3.5 -.952717 1.91 -1.91
7.1 .728969 3.55 .105336 3.55 -.977423 1.933 -1.933
7.2 .793668 3.6 .0995037 3.6 -1.00216 1.956 -1.956
7.3 .850437 3.65 .0939882 3.65 -1.02693 1.979 -1.979
7.4 .898708 3.7 .0887732 3.7 -1.05172 2.002 -2.002
7.5 .938 3.75 .0838433 3.75 -1.07653 2.025 -2.025
7.6 .96792 3.8 .0791834 3.8 -1.10137 2.048 -2.048
7.7 .988168 3.85 .0747795 3.85 -1.12622 2.071 -2.071
7.8 .998543 3.9 .0706178 3.9 -1.15109 2.094 -2.094
7.9 .998941 3.95 .0666856 3.95 -1.17597 2.117 -2.117
8 .989358 4 .0629705 4 -1.20086 2.14 -2.14
8.1 .96989 4.05 .0594608 4.05 -1.22577 2.163 -2.163
8.2 .940731 4.1 .0561454 4.1 -1.25069 2.186 -2.186
8.3 .902172 4.15 .0530138 4.15 -1.27561 2.209 -2.209
8.4 .854599 4.2 .0500559 4.2 -1.30054 2.232 -2.232
8.5 .798487 4.25 .0472623 4.25 -1.32549 2.255 -2.255
8.6 .734397 4.3 .0446239 4.3 -1.35043 2.278 -2.278
8.7 .662969 4.35 .0421322 4.35 -1.37539 2.301 -2.301
8.8 .584917 4.4 .0397792 4.4 -1.40034 2.324 -2.324
8.9 .501021 4.45 .0375572 4.45 -1.42531 2.347 -2.347
9 .412118 4.5 .035459 4.5 -1.45027 2.37 -2.37
9.1 .319098 4.55 .0334778 4.55 -1.47524 2.393 -2.393
9.2 .22289 4.6 .031607 4.6 -1.50022 2.416 -2.416
9.3 .124454 4.65 .0298405 4.65 -1.52519 2.439 -2.439
9.4 .0247754 4.7 .0281726 4.7 -1.55017 2.462 -2.462
9.5 -.0751511 4.75 .0265978 4.75 -1.57515 2.485 -2.485
9.6 -.174327 4.8 .0251109 4.8 -1.60014 2.508 -2.508
9.7 -.271761 4.85 .0237071 4.85 -1.62512 2.531 -2.531
9.8 -.366479 4.9 .0223816 4.9 -1.65011 2.554 -2.554
9.9 -.457536 4.95 .0211302 4.95 -1.6751 2.577 -2.577
